 
 MATRIX XX: REAL
 5.65E+05 2.44E+05 1.00E+05 4.42E+04 1.91E+04 1.15E+04 1.14E+04 1.15E+04 8.42E+03 6.43E+03 7.15E+03
 2.44E+05 4.44E+05 2.22E+05 1.02E+05 5.12E+04 2.58E+04 1.58E+04 1.36E+04 1.50E+04 1.27E+04 9.88E+03
 1.00E+05 2.22E+05 3.88E+05 2.10E+05 1.01E+05 5.82E+04 3.18E+04 2.28E+04 1.91E+04 1.95E+04 1.68E+04
 4.42E+04 1.02E+05 2.10E+05 3.52E+05 2.04E+05 1.01E+05 6.07E+04 3.74E+04 2.70E+04 2.15E+04 2.21E+04
 1.91E+04 5.12E+04 1.01E+05 2.04E+05 3.31E+05 1.99E+05 1.02E+05 6.35E+04 4.20E+04 3.04E+04 2.44E+04
 1.15E+04 2.58E+04 5.82E+04 1.01E+05 1.99E+05 3.16E+05 1.98E+05 1.03E+05 6.75E+04 4.91E+04 3.52E+04
 1.14E+04 1.58E+04 3.18E+04 6.07E+04 1.02E+05 1.98E+05 3.07E+05 1.98E+05 1.06E+05 7.26E+04 5.41E+04
 1.15E+04 1.36E+04 2.28E+04 3.74E+04 6.35E+04 1.03E+05 1.98E+05 2.99E+05 2.00E+05 1.08E+05 7.37E+04
 8.42E+03 1.50E+04 1.91E+04 2.70E+04 4.20E+04 6.75E+04 1.06E+05 2.00E+05 2.95E+05 2.01E+05 1.11E+05
 6.43E+03 1.27E+04 1.95E+04 2.15E+04 3.04E+04 4.91E+04 7.26E+04 1.08E+05 2.01E+05 2.96E+05 2.09E+05
 7.15E+03 9.88E+03 1.68E+04 2.21E+04 2.44E+04 3.52E+04 5.41E+04 7.37E+04 1.11E+05 2.09E+05 3.01E+05
 
 MATRIX XX: IMAGINARY
  0.0     3.26E+04 2.16E+04 9.47E+03 3.86E+03 1.48E+03 1.44E+03 1.62E+03 1.53E+03 7.90E+02 1.38E+03
-3.26E+04  0.0     2.86E+04 2.14E+04 1.16E+04 6.07E+03 4.05E+03 4.27E+03 5.46E+03 4.30E+03 3.91E+03
-2.16E+04-2.86E+04  0.0     2.66E+04 2.10E+04 1.03E+04 3.69E+03 1.49E+03 4.26E+03 4.29E+03 3.58E+03
-9.47E+03-2.14E+04-2.66E+04  0.0     2.47E+04 1.84E+04 7.89E+03 1.57E+03 7.79E+02 2.00E+03 2.32E+03
-3.86E+03-1.16E+04-2.10E+04-2.47E+04  0.0     2.22E+04 1.65E+04 7.43E+03 2.95E+03 1.87E+03 1.36E+03
-1.48E+03-6.07E+03-1.03E+04-1.84E+04-2.22E+04  0.0     2.09E+04 1.58E+04 7.22E+03 4.42E+03 1.90E+03
-1.44E+03-4.05E+03-3.69E+03-7.89E+03-1.65E+04-2.09E+04  0.0     1.85E+04 1.43E+04 7.61E+03 3.57E+03
-1.62E+03-4.27E+03-1.49E+03-1.57E+03-7.43E+03-1.58E+04-1.85E+04  0.0     1.82E+04 1.44E+04 5.25E+03
-1.53E+03-5.46E+03-4.26E+03-7.79E+02-2.95E+03-7.22E+03-1.43E+04-1.82E+04  0.0     1.57E+04 1.06E+04
-7.90E+02-4.30E+03-4.29E+03-2.00E+03-1.87E+03-4.42E+03-7.61E+03-1.44E+04-1.57E+04  0.0     1.26E+04
-1.38E+03-3.91E+03-3.58E+03-2.32E+03-1.36E+03-1.90E+03-3.57E+03-5.25E+03-1.06E+04-1.26E+04  0.0    

 IERR=    0

 EVAL: 
 1.13E+06 8.31E+05 5.80E+05 4.04E+05 2.81E+05 2.06E+05 1.58E+05 1.23E+05 8.81E+04 6.10E+04 3.72E+04
 
 EVEC: REAL
 0.25     0.40     0.31     0.20     8.52E-02 2.83E-02-1.39E-02-3.31E-02 8.15E-03-6.06E-03-2.17E-03
 0.31     0.40     0.14    -5.17E-02-0.12     2.64E-02-5.78E-02 0.13    -5.79E-02 2.38E-02 1.21E-02
 0.34     0.28    -0.13    -0.26    -0.17     1.12E-02 0.16    -0.27     0.19    -7.38E-02-3.12E-02
 0.34     0.12    -0.33    -0.22     7.72E-02-0.18     1.18E-02 0.27    -0.35     0.17     5.80E-02
 0.33    -3.41E-02-0.38     4.04E-02 0.28    -4.78E-02-0.28     2.78E-02 0.38    -0.33    -0.10    
 0.32    -0.17    -0.28     0.29     0.16     0.27     1.57E-02-0.35    -0.14     0.46     0.19    
 0.31    -0.26    -7.85E-02 0.37    -0.19     0.18     0.35     0.19    -0.23    -0.43    -0.33    
 0.29    -0.31     0.13     0.22    -0.38    -0.25     1.27E-02 0.28     0.38     0.17     0.48    
 0.26    -0.32     0.28    -7.54E-02-0.19    -0.35    -0.36    -0.28    -0.10     0.20    -0.55    
 0.23    -0.30     0.35    -0.32     0.20     4.52E-02-8.84E-02-0.22    -0.32    -0.44     0.48    
 0.19    -0.24     0.30    -0.36     0.38     0.34     0.30     0.32     0.30     0.29    -0.23    
 
 EVEC: IMAGINARY
 0.13     0.29     0.36     0.40     0.37    -0.27     0.16    -8.03E-02 2.31E-02-4.44E-03-9.49E-04
 0.13     0.21     0.12    -8.83E-02-0.33     0.48    -0.43     0.25    -9.84E-02 2.05E-02 4.39E-03
 0.10     0.10    -0.10    -0.30    -0.27    -4.83E-02 0.39    -0.39     0.22    -6.31E-02-6.83E-03
 7.51E-02 2.04E-02-0.19    -0.17     0.14    -0.38     0.11     0.28    -0.32     0.13     1.65E-02
 5.40E-02-3.35E-02-0.15     4.45E-02 0.26    -1.71E-02-0.33     5.27E-02 0.27    -0.19    -3.29E-02
 4.01E-02-5.51E-02-6.50E-02 0.15     6.37E-02 0.28    -4.29E-02-0.23    -7.24E-02 0.19     5.55E-02
 2.89E-02-5.29E-02 1.41E-02 0.12    -0.11     9.86E-02 0.20     7.00E-02-0.11    -0.12    -7.97E-02
 2.05E-02-4.00E-02 5.21E-02 2.69E-02-0.11    -0.13     4.80E-02 9.58E-02 0.12     1.63E-02 8.42E-02
 1.02E-02-2.41E-02 4.76E-02-3.60E-02-8.78E-03-7.62E-02-7.96E-02-3.02E-02-1.05E-02 5.64E-02-6.39E-02
 2.43E-03-7.74E-03 2.30E-02-3.50E-02 3.15E-02 2.91E-02-2.56E-02-3.07E-02-2.88E-02-4.06E-02 2.70E-02
  0.0      0.0      0.0      0.0      0.0      0.0      0.0      0.0      0.0      0.0      0.0    

 LVEC( 1) :     T

 UVMN:
-9.52E-06-2.05E-05-2.81E-05-2.90E-05-3.91E-05-4.24E-05-3.87E-05-1.61E-05-1.35E-05-1.55E-05-3.02E-06
-1.77E-05 1.83E-05-2.83E-05-2.85E-05 2.35E-05 6.58E-05 3.49E-05 1.05E-04 9.44E-05 7.72E-05 6.27E-05
 4.45E-05 2.47E-05-5.30E-07 7.55E-06 4.96E-06 2.62E-05

 VMN =  9.27E-06

 SIGMA1 =  5.0000     SIGMA2 = 1.06492E-03
 FACTOR =  4695.2    

 UMAX =  368.19     VMAX =  276.49    

 UMIN = 1.23998E-03 UMAX =  1.2308     UMN  = 0.39646     USIG = 0.28339    
