 
 MATRIX XX:
 5.97E+04 2.10E+04 1.05E+04 6.59E+03 4.38E+03 3.56E+03 3.18E+03 2.91E+03 2.40E+03 1.77E+03 1.74E+03
 2.10E+04 4.14E+04 1.53E+04 8.61E+03 6.02E+03 4.41E+03 3.71E+03 3.18E+03 2.83E+03 2.45E+03 1.83E+03
 1.05E+04 1.53E+04 3.50E+04 1.35E+04 8.00E+03 6.06E+03 4.62E+03 3.78E+03 3.04E+03 2.93E+03 2.56E+03
 6.59E+03 8.61E+03 1.35E+04 3.17E+04 1.34E+04 7.53E+03 6.63E+03 4.74E+03 4.01E+03 3.39E+03 3.40E+03
 4.38E+03 6.02E+03 8.00E+03 1.34E+04 2.94E+04 1.33E+04 7.11E+03 6.49E+03 5.21E+03 4.09E+03 3.43E+03
 3.56E+03 4.41E+03 6.06E+03 7.53E+03 1.33E+04 2.74E+04 1.33E+04 6.83E+03 6.22E+03 5.19E+03 4.21E+03
 3.18E+03 3.71E+03 4.62E+03 6.63E+03 7.11E+03 1.33E+04 2.63E+04 1.29E+04 6.49E+03 5.87E+03 5.61E+03
 2.91E+03 3.18E+03 3.78E+03 4.74E+03 6.49E+03 6.83E+03 1.29E+04 2.49E+04 1.23E+04 6.05E+03 5.74E+03
 2.40E+03 2.83E+03 3.04E+03 4.01E+03 5.21E+03 6.22E+03 6.49E+03 1.23E+04 2.39E+04 1.23E+04 6.14E+03
 1.77E+03 2.45E+03 2.93E+03 3.39E+03 4.09E+03 5.19E+03 5.87E+03 6.05E+03 1.23E+04 2.32E+04 1.23E+04
 1.74E+03 1.83E+03 2.56E+03 3.40E+03 3.43E+03 4.21E+03 5.61E+03 5.74E+03 6.14E+03 1.23E+04 2.25E+04

 IERR=    0

 EVAL: 
 1.00E+05 6.22E+04 3.96E+04 3.02E+04 2.48E+04 2.13E+04 1.94E+04 1.72E+04 1.37E+04 9.73E+03 6.93E+03
 
 EVEC:
-0.48     0.62    -0.44    -0.34     0.24     0.12     5.54E-02-4.29E-02 2.18E-03 8.86E-03 2.39E-03
-0.41     0.32     0.14     0.40    -0.52    -0.44    -0.22     0.18    -2.19E-02-1.80E-02 4.70E-04
-0.36     7.10E-02 0.43     0.37     2.55E-02 0.44     0.42    -0.40     0.12     3.92E-02-2.20E-02
-0.32    -0.11     0.43    -3.84E-02 0.42     0.19    -0.27     0.53    -0.33    -0.13     5.76E-02
-0.30    -0.22     0.29    -0.33     0.22    -0.37    -0.28    -0.28     0.49     0.29    -9.72E-02
-0.27    -0.28     7.46E-02-0.39    -0.18    -0.31     0.35    -0.24    -0.37    -0.46     0.18    
-0.25    -0.30    -0.11    -0.25    -0.39     0.19     0.30     0.37    -4.81E-02 0.51    -0.30    
-0.23    -0.29    -0.24    -2.79E-02-0.30     0.42    -0.32     4.66E-02 0.40    -0.28     0.45    
-0.20    -0.28    -0.31     0.21     2.43E-02 0.13    -0.41    -0.37    -0.35    -8.52E-02-0.53    
-0.18    -0.26    -0.32     0.36     0.28    -0.22     0.10    -6.77E-02-0.22     0.44     0.53    
-0.15    -0.22    -0.26     0.29     0.30    -0.23     0.35     0.32     0.41    -0.38    -0.30    

 LVEC( 1) :     T

 TMNK:
-1.63E-04-1.88E-04-9.01E-05-1.02E-04-1.23E-04-9.03E-05-3.09E-05-5.43E-05-1.11E-04-1.18E-04-4.01E-04
-1.80E-04-2.70E-04-2.36E-04-2.22E-04-3.39E-04-2.97E-04-2.11E-04-1.49E-04-8.15E-05 5.40E-05 8.29E-05
 1.58E-04-1.20E-05 1.15E-04 8.22E-06-1.37E-04-1.01E-04

 TMN = -1.17E-04

 SIGMA1 =  1.5000     SIGMA2 = 1.05850E-03
 FACTOR =  1417.1    

 TMAX =  154.83    
